20180101033006
20180101033106
20180101033206
20180101033306
20180101033407
20180101033507
20180101033607
20180101033707
20180101033807
20180101033907
20180101034007
20180101034107
20180101034207
20180101034307
20180101034407
20180101034507
20180101034607
20180101034707
20180101034807
20180101034907
20180101035007
20180101035108
20180101035208
20180101035308
20180101035408
20180101035508
20180101035608
20180101035708
20180101035808
20180101035908
20180101040008
20180101040108
20180101040208
20180101040308
20180101040408
20180101040508
20180101040608
20180101040708
20180101040808
20180101040908
20180101041008
20180101041108
20180101041208
20180101041309
20180101041409
20180101041509
20180101041609
20180101041709
20180101041809
20180101041909
20180101042009
20180101042109
20180101042209
20180101042309
20180101042410
20180101042510
20180101042610
20180101042710
20180101042810
20180101042910
20180101043010
20180101043110
20180101043210
20180101043310
20180101043410
20180101043510
20180101043610
20180101043710
20180101043810
20180101043910
20180101044010
20180101044110
20180101044210
20180101044310
20180101044410
20180101044510
20180101044610
20180101044710
20180101044810
20180101044910
20180101045010
20180101045110
20180101045210
20180101045311
20180101045411
20180101045511
20180101045611
20180101045711
20180101045811
20180101045911
20180101050011
20180101050111
20180101050211
20180101050311
20180101050411
20180101050511
20180101050611
20180101050711
20180101050811
20180101050912
20180101051012
20180101051112
20180101051212
20180101051311
20180101051412
20180101051512
20180101051612
20180101051712
20180101051812
20180101051912
20180101052012
20180101052112
20180101052212
20180101052312
20180101052412
20180101052513
20180101052612
20180101052712
20180101052813
20180101052912
20180101053013
20180101053113
20180101053213
20180101053414
20180101053513
20180101053614
20180101053714
20180101053814
20180101053914
20180101054014
20180101054113
20180101054213
20180101054314
20180101054415
20180101054514
20180101054614
20180101054714
20180101054814
20180101054914
20180101055014
20180101055114
20180101055215
20180101055314
20180101055414
20180101055514
20180101055615
20180101055714
20180101055814
20180101055915
20180101060015
20180101060115
20180101060215
20180101060316
20180101060415
20180101060515
20180101060615
20180101060715
20180101060815
20180101060915
20180101061015
20180101061115
20180101061215
20180101061315
20180101061415
20180101061516
20180101061616
20180101061715
20180101061816
20180101061915
20180101062016
20180101062116
20180101062216
20180101062316
20180101062416
20180101062516
20180101062616
20180101062716
20180101062816
20180101062916
20180101063016
20180101063116
20180101063216
20180101063317
20180101063416
20180101063516
20180101063617
20180101063716
20180101063816
20180101063917
20180101064017
20180101064117
20180101064217
20180101064317
20180101064417
20180101064517
20180101064617
20180101064717
20180101064817
20180101064917
20180101065017
20180101065117
20180101065217
20180101065318
20180101065417
20180101065517
20180101065618
20180101065718
20180101065818
20180101065917
20180101070017
20180101070118
20180101070218
20180101070318
20180101070418
20180101070518
20180101070618
20180101070718
20180101070818
20180101070919
20180101071018
20180101071118
20180101071219
20180101071318
20180101071418
20180101071518
20180101071619
20180101071718
20180101071818
20180101071919
20180101072019
20180101072119
20180101072219
20180101072319
20180101072419
20180101072519
20180101072619
20180101072719
20180101072819
20180101072919
20180101073019
20180101073119
20180101073219
20180101073319
20180101073419
20180101073519
20180101073619
20180101073719
20180101073819
20180101073920
20180101074020
20180101074120
20180101074220
20180101074320
20180101074420
20180101074520
20180101074620
20180101074720
20180101074820
20180101074920
20180101075020
20180101075120
20180101075220
20180101075320
20180101075420
20180101075520
20180101075620
20180101075720
20180101075821
20180101075921
20180101080021
20180101080121
20180101080221
20180101080321
20180101080421
20180101080521
20180101080621
20180101080721
20180101080821
20180101080921
20180101081021
20180101081121
20180101081221
20180101081322
20180101081422
20180101081522
20180101081622
20180101081722
20180101081822
20180101081922
20180101082022
20180101082122
20180101082222
20180101153043
20180101153143
20180101153244
20180101153344
20180101153444
20180101153544
20180101153644
20180101153744
20180101153844
20180101153944
20180101154044
20180101154144
20180101154244
20180101154344
20180101154444
20180101154544
20180101154644
20180101154745
20180101154844
20180101154944
20180101155045
20180101155144
20180101155245
20180101155345
20180101155445
20180101155545
20180101155645
20180101155745
20180101155845
20180101155945
20180101160045
20180101160145
20180101160246
20180101160345
20180101160445
20180101160546
20180101160645
20180101160745
20180101160846
20180101160946
20180101161046
20180101161145
20180101161246
20180101161346
20180101161446
20180101161546
20180101161646
20180101161746
20180101161846
20180101161946
20180101162046
20180101162146
20180101162246
20180101162347
20180101162446
20180101162546
20180101162647
20180101162746
20180101162847
20180101162947
20180101163047
20180101163146
20180101163247
20180101163347
20180101163447
20180101163547
20180101163647
20180101163747
20180101163847
20180101163947
20180101164047
20180101164147
20180101164247
20180101164347
20180101164447
20180101164547
20180101164648
20180101164747
20180101164847
20180101164948
20180101165047
20180101165148
20180101165247
20180101165348
20180101165448
20180101165548
20180101165648
20180101165748
20180101165848
20180101165948
20180101170048
20180101170148
20180101170248
20180101170348
20180101170448
20180101170548
20180101170649
20180101170748
20180101170848
20180101170949
20180101171049
20180101171149
20180101171249
20180101171348
20180101171449
20180101171549
20180101171649
20180101171749
20180101171849
20180101171949
20180101172050
20180101172149
20180101172249
20180101172349
20180101172449
20180101172550
20180101172650
20180101172749
20180101172850
20180101172950
20180101173049
20180101173150
20180101173249
20180101173350
20180101173450
20180101173550
20180101173650
20180101173750
20180101173850
20180101173950
20180101174050
20180101174150
20180101174250
20180101174350
20180101174450
20180101174550
20180101174651
20180101174750
20180101174851
20180101174950
20180101175050
20180101175150
20180101175250
20180101175351
20180101175451
20180101175551
20180101175651
20180101175751
20180101175851
20180101175951
20180101180051
20180101180151
20180101180251
20180101180351
20180101180452
20180101180551
20180101180651
20180101180751
20180101180852
20180101180951
20180101181052
20180101181152
20180101181252
20180101181352
20180101181451
20180101181552
20180101181652
20180101181752
20180101181852
20180101181952
20180101182052
20180101182152
20180101182252
20180101182352
20180101182453
20180101182552
20180101182652
20180101182752
20180101182852
20180101182953
20180101183053
20180101183153
20180101183253
20180101183353
20180101183453
20180101183553
20180101183653
20180101183753
20180101183853
20180101183953
20180101184053
20180101184153
20180101184253
20180101184353
20180101184453
20180101184553
20180101184653
20180101184753
20180101184854
20180101184954
20180101185054
20180101185154
20180101185254
20180101185354
20180101185454
20180101185554
20180101185654
20180101185754
20180101185854
20180101185954
20180101190054
20180101190154
20180101190255
20180101190354
20180101190454
20180101190555
20180101190654
20180101190755
20180101190855
20180101190954
20180101191055
20180101191155
20180101191255
20180101191355
20180101191455
20180101191555
20180101191655
20180101191755
20180101191855
20180101191955
20180101192055
20180101192156
20180101192256
20180101192355
20180101192455
20180101192555
20180101192656
20180101192755
20180101192855
20180101192955
20180101193055
20180101193156
20180101193256
20180101193356
20180101193456
20180101193556
20180101193656
20180101193756
20180101193856
20180101193956
20180101194056
20180101194156
20180101194257
20180101194356
20180101194456
20180101194557
20180101194657
20180101194756
20180101194857
20180101194957
20180101195056
20180101195157
20180101195257
20180101195357
20180101195457
20180101195557
20180101195657
20180101195757
20180101195857
20180101195957
20180101200057
